K: [1953.615879, 0.000000, 2007.041296,
    0.000000, 1952.694009, 1489.736671,
    0.000000, 0.000000, 1.000000]
    
D: [-0.032929, 0.005035, -0.001666, -0.000796, 0.000000]

quaternion: [0.611, -0.503, 0.466, 0.395]

rotationVec: [3.084, -1.314, -1.334]

translation: [-0.180, -0.009, -0.157]

